AL, 09, 2021082500, 03, HREL, 000, 122N,  716W,  26, 1005, XX,  34, NEQ, 0000, 0000, 0000, 0000,  -99,  -99, 155,   0,   0,    ,   0,    ,   0,   0,           ,  ,   ,    ,   0,   0,   0,   0,       THERMO PARAMS,   -9999,   -9999,   -9999, N, 10, DT, -999
AL, 09, 2021082500, 03, HREL, 006, 119N,  725W,  30, 1006, XX,  34, NEQ, 0000, 0000, 0000, 0000,  -99,  -99, 146,   0,   0,    ,   0,    ,   0,   0,           ,  ,   ,    ,   0,   0,   0,   0,       THERMO PARAMS,     -20,    1174,     -28, N, 10, DT, -999
AL, 09, 2021082500, 03, HREL, 012, 122N,  741W,  35, 1006, XX,  34, NEQ, 0143, 0000, 0000, 0000,  -99,  -99, 137,   0,   0,    ,   0,    ,   0,   0,           ,  ,   ,    ,   0,   0,   0,   0,       THERMO PARAMS,      -8,    1256,     -95, N, 10, DT, -999
AL, 09, 2021082500, 03, HREL, 018, 128N,  756W,  32, 1007, XX,  34, NEQ, 0000, 0000, 0000, 0000,  -99,  -99, 153,   0,   0,    ,   0,    ,   0,   0,           ,  ,   ,    ,   0,   0,   0,   0,       THERMO PARAMS,     -25,    1109,      20, N, 10, DT, -999
AL, 09, 2021082500, 03, HREL, 024, 138N,  778W,  28, 1006, XX,  34, NEQ, 0000, 0000, 0000, 0000,  -99,  -99,  78,   0,   0,    ,   0,    ,   0,   0,           ,  ,   ,    ,   0,   0,   0,   0,       THERMO PARAMS,     -31,     327,      95, N, 10, DT, -999
AL, 09, 2021082500, 03, HREL, 030, 144N,  790W,  32, 1007, XX,  34, NEQ, 0175, 0000, 0000, 0000,  -99,  -99, 158,   0,   0,    ,   0,    ,   0,   0,           ,  ,   ,    ,   0,   0,   0,   0,       THERMO PARAMS,     -15,     218,     169, N, 10, DT, -999
AL, 09, 2021082500, 03, HREL, 036, 151N,  800W,  31, 1007, XX,  34, NEQ, 0270, 0000, 0000, 0000,  -99,  -99, 155,   0,   0,    ,   0,    ,   0,   0,           ,  ,   ,    ,   0,   0,   0,   0,       THERMO PARAMS,     -20,     210,      -2, N, 10, DT, -999
AL, 09, 2021082500, 03, HREL, 042, 160N,  805W,  34, 1005, XX,  34, NEQ, 0171, 0000, 0000, 0000,  -99,  -99, 129,   0,   0,    ,   0,    ,   0,   0,           ,  ,   ,    ,   0,   0,   0,   0,       THERMO PARAMS,     -17,      93,      54, N, 10, DT, -999
AL, 09, 2021082500, 03, HREL, 048, 175N,  812W,  40, 1005, XX,  34, NEQ, 0178, 0000, 0000, 0000, 1009,  194, 134,   0,   0,    ,   0,    ,   0,   0,           ,  ,   ,    ,   0,   0,   0,   0,       THERMO PARAMS,     -36,     201,     308, N, 10, DT, -999
AL, 09, 2021082500, 03, HREL, 054, 180N,  815W,  40, 1000, XX,  34, NEQ, 0162, 0000, 0000, 0000,  -99,  -99,  29,   0,   0,    ,   0,    ,   0,   0,           ,  ,   ,    ,   0,   0,   0,   0,       THERMO PARAMS,     -43,     228,     481, N, 10, DT, -999
AL, 09, 2021082500, 03, HREL, 060, 190N,  822W,  39, 1000, XX,  34, NEQ, 0147, 0203, 0000, 0000,  -99,  -99,  40,   0,   0,    ,   0,    ,   0,   0,           ,  ,   ,    ,   0,   0,   0,   0,       THERMO PARAMS,     -60,     552,     331, N, 10, DT, -999
AL, 09, 2021082500, 03, HREL, 066, 204N,  831W,  48,  997, XX,  34, NEQ, 0125, 0147, 0000, 0174, 1005,   38,  34,   0,   0,    ,   0,    ,   0,   0,           ,  ,   ,    ,   0,   0,   0,   0,       THERMO PARAMS,     -89,     633,     848, N, 10, DT, -999
AL, 09, 2021082500, 03, HREL, 072, 216N,  841W,  51,  994, XX,  34, NEQ, 0139, 0156, 0024, 0094, 1006,   49,  17,   0,   0,    ,   0,    ,   0,   0,           ,  ,   ,    ,   0,   0,   0,   0,       THERMO PARAMS,     -72,     935,    1140, N, 10, DT, -999
AL, 09, 2021082500, 03, HREL, 072, 216N,  841W,  51,  994, XX,  50, NEQ, 0028, 0000, 0000, 0000, 1006,   49,  17,   0,   0,    ,   0,    ,   0,   0,           ,  ,   ,    ,   0,   0,   0,   0,       THERMO PARAMS,     -72,     935,    1140, N, 10, DT, -999
AL, 09, 2021082500, 03, HREL, 078, 227N,  855W,  59,  989, XX,  34, NEQ, 0139, 0158, 0058, 0092, 1005,   49,  18,   0,   0,    ,   0,    ,   0,   0,           ,  ,   ,    ,   0,   0,   0,   0,       THERMO PARAMS,     -54,    1585,    1240, N, 10, DT, -999
AL, 09, 2021082500, 03, HREL, 078, 227N,  855W,  59,  989, XX,  50, NEQ, 0063, 0000, 0000, 0043, 1005,   49,  18,   0,   0,    ,   0,    ,   0,   0,           ,  ,   ,    ,   0,   0,   0,   0,       THERMO PARAMS,     -54,    1585,    1240, N, 10, DT, -999
AL, 09, 2021082500, 03, HREL, 084, 237N,  867W,  55,  988, XX,  34, NEQ, 0169, 0140, 0057, 0112,  -99,  -99,  23,   0,   0,    ,   0,    ,   0,   0,           ,  ,   ,    ,   0,   0,   0,   0,       THERMO PARAMS,     -23,    1667,    1415, N, 10, DT, -999
AL, 09, 2021082500, 03, HREL, 084, 237N,  867W,  55,  988, XX,  50, NEQ, 0070, 0000, 0026, 0040,  -99,  -99,  23,   0,   0,    ,   0,    ,   0,   0,           ,  ,   ,    ,   0,   0,   0,   0,       THERMO PARAMS,     -23,    1667,    1415, N, 10, DT, -999
AL, 09, 2021082500, 03, HREL, 090, 249N,  879W,  66,  983, XX,  34, NEQ, 0170, 0197, 0073, 0148, 1007,   77,  27,   0,   0,    ,   0,    ,   0,   0,           ,  ,   ,    ,   0,   0,   0,   0,       THERMO PARAMS,     -11,    1623,    1572, N, 10, DT, -999
AL, 09, 2021082500, 03, HREL, 090, 249N,  879W,  66,  983, XX,  50, NEQ, 0099, 0056, 0038, 0063, 1007,   77,  27,   0,   0,    ,   0,    ,   0,   0,           ,  ,   ,    ,   0,   0,   0,   0,       THERMO PARAMS,     -11,    1623,    1572, N, 10, DT, -999
AL, 09, 2021082500, 03, HREL, 090, 249N,  879W,  66,  983, XX,  64, NEQ, 0029, 0000, 0000, 0026, 1007,   77,  27,   0,   0,    ,   0,    ,   0,   0,           ,  ,   ,    ,   0,   0,   0,   0,       THERMO PARAMS,     -11,    1623,    1572, N, 10, DT, -999
AL, 09, 2021082500, 03, HREL, 096, 259N,  892W,  69,  977, XX,  34, NEQ, 0195, 0239, 0089, 0151,  997,   42,  28,   0,   0,    ,   0,    ,   0,   0,           ,  ,   ,    ,   0,   0,   0,   0,       THERMO PARAMS,      -5,    1853,    2081, N, 10, DT, -999
AL, 09, 2021082500, 03, HREL, 096, 259N,  892W,  69,  977, XX,  50, NEQ, 0090, 0062, 0047, 0071,  997,   42,  28,   0,   0,    ,   0,    ,   0,   0,           ,  ,   ,    ,   0,   0,   0,   0,       THERMO PARAMS,      -5,    1853,    2081, N, 10, DT, -999
AL, 09, 2021082500, 03, HREL, 096, 259N,  892W,  69,  977, XX,  64, NEQ, 0032, 0027, 0000, 0000,  997,   42,  28,   0,   0,    ,   0,    ,   0,   0,           ,  ,   ,    ,   0,   0,   0,   0,       THERMO PARAMS,      -5,    1853,    2081, N, 10, DT, -999
AL, 09, 2021082500, 03, HREL, 102, 268N,  904W,  76,  974, XX,  34, NEQ, 0000, 0000, 0000, 0000, 1002,   65,  21,   0,   0,    ,   0,    ,   0,   0,           ,  ,   ,    ,   0,   0,   0,   0,       THERMO PARAMS,     -22,    1534,    2184, N, 10, DT, -999
