AL, 09L , 2021082500_F000_123N_0708W_09L, 2021082500, 03, HREL, 000, 122N,  716W,  26, 1005, XX,  34, NEQ, 0000, 0000, 0000, 0000, -999, -999, -99,  320,   32,   -999,  -9999,  -9999,     91,     42,    120,    103, IDA      
AL, 09L , 2021082500_F000_123N_0708W_09L, 2021082500, 03, HREL, 006, 119N,  725W,  30, 1006, XX,  34, NEQ, 0000, 0000, 0000, 0000, -999, -999, -99,  275,   46,    -20,   1174,    -28,     86,     36,     62,    195, IDA      
AL, 09L , 2021082500_F000_123N_0708W_09L, 2021082500, 03, HREL, 012, 122N,  741W,  35, 1006, XX,  34, NEQ, 0143, 0000, 0000, 0000, -999, -999, -99,  286,   67,     -8,   1256,    -95,     98,    256,     92,    349, IDA      
AL, 09L , 2021082500_F000_123N_0708W_09L, 2021082500, 03, HREL, 018, 128N,  756W,  32, 1007, XX,  34, NEQ, 0000, 0000, 0000, 0000, -999, -999, -99,  298,   69,    -25,   1109,     20,     75,    194,    114,    144, IDA      
AL, 09L , 2021082500_F000_123N_0708W_09L, 2021082500, 03, HREL, 024, 138N,  778W,  28, 1006, XX,  34, NEQ, 0000, 0000, 0000, 0000, -999, -999, -99,  294,   89,    -31,    327,     95,    103,     75,     71,     35, IDA      
AL, 09L , 2021082500_F000_123N_0708W_09L, 2021082500, 03, HREL, 030, 144N,  790W,  32, 1007, XX,  34, NEQ, 0175, 0000, 0000, 0000, -999, -999, -99,  299,   63,    -15,    218,    169,    101,    195,     98,    210, IDA      
AL, 09L , 2021082500_F000_123N_0708W_09L, 2021082500, 03, HREL, 036, 151N,  800W,  31, 1007, XX,  34, NEQ, 0270, 0000, 0000, 0000, -999, -999, -99,  305,   55,    -20,    210,     -2,    125,    127,    138,    118, IDA      
AL, 09L , 2021082500_F000_123N_0708W_09L, 2021082500, 03, HREL, 042, 160N,  805W,  34, 1005, XX,  34, NEQ, 0171, 0000, 0000, 0000, -999, -999, -99,  320,   50,    -17,     93,     54,    154,    184,    141,    217, IDA      
AL, 09L , 2021082500_F000_123N_0708W_09L, 2021082500, 03, HREL, 048, 175N,  812W,  40, 1005, XX,  34, NEQ, 0178, 0000, 0000, 0000, 1009,  194, -99,  319,   68,    -36,    201,    308,    226,    597,    209,    633, IDA      
AL, 09L , 2021082500_F000_123N_0708W_09L, 2021082500, 03, HREL, 054, 180N,  815W,  40, 1000, XX,  34, NEQ, 0162, 0000, 0000, 0000, -999, -999, -99,  314,   47,    -43,    228,    481,    301,   1384,    272,    913, IDA      
AL, 09L , 2021082500_F000_123N_0708W_09L, 2021082500, 03, HREL, 060, 190N,  822W,  39, 1000, XX,  34, NEQ, 0147, 0203, 0000, 0000, -999, -999, -99,  317,   65,    -60,    552,    331,    366,   2063,    324,   1373, IDA      
AL, 09L , 2021082500_F000_123N_0708W_09L, 2021082500, 03, HREL, 066, 204N,  831W,  48,  997, XX,  34, NEQ, 0125, 0147, 0000, 0174, 1005,   38, -99,  319,   76,    -89,    633,    848,    479,   1875,    418,   1532, IDA      
AL, 09L , 2021082500_F000_123N_0708W_09L, 2021082500, 03, HREL, 072, 216N,  841W,  51,  994, XX,  34, NEQ, 0139, 0156, 0024, 0094, 1006,   49, -99,  314,   74,    -72,    935,   1140,    570,   2422,    506,   2091, IDA      
AL, 09L , 2021082500_F000_123N_0708W_09L, 2021082500, 03, HREL, 072, 216N,  841W,  51,  994, XX,  50, NEQ, 0028, 0000, 0000, 0000, 1006,   49, -99,  314,   74,    -72,    935,   1140,    570,   2422,    506,   2091, IDA      
AL, 09L , 2021082500_F000_123N_0708W_09L, 2021082500, 03, HREL, 078, 227N,  855W,  59,  989, XX,  34, NEQ, 0139, 0158, 0058, 0092, 1005,   49, -99,  308,   80,    -54,   1585,   1240,    669,   2819,    588,   2180, IDA      
AL, 09L , 2021082500_F000_123N_0708W_09L, 2021082500, 03, HREL, 078, 227N,  855W,  59,  989, XX,  50, NEQ, 0063, 0000, 0000, 0043, 1005,   49, -99,  308,   80,    -54,   1585,   1240,    669,   2819,    588,   2180, IDA      
AL, 09L , 2021082500_F000_123N_0708W_09L, 2021082500, 03, HREL, 084, 237N,  867W,  55,  988, XX,  34, NEQ, 0169, 0140, 0057, 0112, -999, -999, -99,  310,   72,    -23,   1667,   1415,    761,   1946,    663,   1700, IDA      
AL, 09L , 2021082500_F000_123N_0708W_09L, 2021082500, 03, HREL, 084, 237N,  867W,  55,  988, XX,  50, NEQ, 0070, 0000, 0026, 0040, -999, -999, -99,  310,   72,    -23,   1667,   1415,    761,   1946,    663,   1700, IDA      
AL, 09L , 2021082500_F000_123N_0708W_09L, 2021082500, 03, HREL, 090, 249N,  879W,  66,  983, XX,  34, NEQ, 0170, 0197, 0073, 0148, 1007,   77, -99,  312,   76,    -11,   1623,   1572,    867,   1831,    790,   1702, IDA      
AL, 09L , 2021082500_F000_123N_0708W_09L, 2021082500, 03, HREL, 090, 249N,  879W,  66,  983, XX,  50, NEQ, 0099, 0056, 0038, 0063, 1007,   77, -99,  312,   76,    -11,   1623,   1572,    867,   1831,    790,   1702, IDA      
AL, 09L , 2021082500_F000_123N_0708W_09L, 2021082500, 03, HREL, 090, 249N,  879W,  66,  983, XX,  64, NEQ, 0029, 0000, 0000, 0026, 1007,   77, -99,  312,   76,    -11,   1623,   1572,    867,   1831,    790,   1702, IDA      
AL, 09L , 2021082500_F000_123N_0708W_09L, 2021082500, 03, HREL, 096, 259N,  892W,  69,  977, XX,  34, NEQ, 0195, 0239, 0089, 0151,  997,   42, -99,  309,   76,     -5,   1853,   2081,    936,   2000,    875,   1597, IDA      
AL, 09L , 2021082500_F000_123N_0708W_09L, 2021082500, 03, HREL, 096, 259N,  892W,  69,  977, XX,  50, NEQ, 0090, 0062, 0047, 0071,  997,   42, -99,  309,   76,     -5,   1853,   2081,    936,   2000,    875,   1597, IDA      
AL, 09L , 2021082500_F000_123N_0708W_09L, 2021082500, 03, HREL, 096, 259N,  892W,  69,  977, XX,  64, NEQ, 0032, 0027, 0000, 0000,  997,   42, -99,  309,   76,     -5,   1853,   2081,    936,   2000,    875,   1597, IDA      
AL, 09L , 2021082500_F000_123N_0708W_09L, 2021082500, 03, HREL, 102, 268N,  904W,  76,  974, XX,  34, NEQ, 0000, 0000, 0000, 0000, 1002,   65, -99, -999, -999,    -22,   1534,   2184,   1028,   2036,    932,   1987, IDA      
