AL, 09, 2021082500, 03, HREL, 00000, 122N,  716W,  26, 1005, XX,  34, NEQ, 0000, 0000, 0000, 0000,    0,    0, 155
AL, 09, 2021082500, 03, HREL, 00600, 119N,  725W,  30, 1006, XX,  34, NEQ, 0000, 0000, 0000, 0000,    0,    0, 146
AL, 09, 2021082500, 03, HREL, 01200, 122N,  741W,  35, 1006, XX,  34, NEQ, 0143, 0000, 0000, 0000,    0,    0, 137
AL, 09, 2021082500, 03, HREL, 01800, 128N,  756W,  32, 1007, XX,  34, NEQ, 0000, 0000, 0000, 0000,    0,    0, 153
AL, 09, 2021082500, 03, HREL, 02400, 138N,  778W,  28, 1006, XX,  34, NEQ, 0000, 0000, 0000, 0000,    0,    0,  78
AL, 09, 2021082500, 03, HREL, 03000, 144N,  790W,  32, 1007, XX,  34, NEQ, 0175, 0000, 0000, 0000,    0,    0, 158
AL, 09, 2021082500, 03, HREL, 03600, 151N,  800W,  31, 1007, XX,  34, NEQ, 0270, 0000, 0000, 0000,    0,    0, 155
AL, 09, 2021082500, 03, HREL, 04200, 160N,  805W,  34, 1005, XX,  34, NEQ, 0171, 0000, 0000, 0000,    0,    0, 129
AL, 09, 2021082500, 03, HREL, 04800, 175N,  812W,  40, 1005, XX,  34, NEQ, 0178, 0000, 0000, 0000,    0,    0, 134
AL, 09, 2021082500, 03, HREL, 05400, 180N,  815W,  40, 1000, XX,  34, NEQ, 0162, 0000, 0000, 0000,    0,    0,  29
AL, 09, 2021082500, 03, HREL, 06000, 190N,  822W,  39, 1000, XX,  34, NEQ, 0147, 0203, 0000, 0000,    0,    0,  40
AL, 09, 2021082500, 03, HREL, 06600, 204N,  831W,  48,  997, XX,  34, NEQ, 0125, 0147, 0000, 0174,    0,    0,  34
AL, 09, 2021082500, 03, HREL, 07200, 216N,  841W,  51,  994, XX,  34, NEQ, 0139, 0156, 0024, 0094,    0,    0,  17
AL, 09, 2021082500, 03, HREL, 07200, 216N,  841W,  51,  994, XX,  50, NEQ, 0028, 0000, 0000, 0000,    0,    0,  17
AL, 09, 2021082500, 03, HREL, 07800, 227N,  855W,  59,  989, XX,  34, NEQ, 0139, 0158, 0058, 0092,    0,    0,  18
AL, 09, 2021082500, 03, HREL, 07800, 227N,  855W,  59,  989, XX,  50, NEQ, 0063, 0000, 0000, 0043,    0,    0,  18
AL, 09, 2021082500, 03, HREL, 08400, 237N,  867W,  55,  988, XX,  34, NEQ, 0169, 0140, 0057, 0112,    0,    0,  23
AL, 09, 2021082500, 03, HREL, 08400, 237N,  867W,  55,  988, XX,  50, NEQ, 0070, 0000, 0026, 0040,    0,    0,  23
AL, 09, 2021082500, 03, HREL, 09000, 249N,  879W,  66,  983, XX,  34, NEQ, 0170, 0197, 0073, 0148,    0,    0,  27
AL, 09, 2021082500, 03, HREL, 09000, 249N,  879W,  66,  983, XX,  50, NEQ, 0099, 0056, 0038, 0063,    0,    0,  27
AL, 09, 2021082500, 03, HREL, 09000, 249N,  879W,  66,  983, XX,  64, NEQ, 0029, 0000, 0000, 0026,    0,    0,  27
AL, 09, 2021082500, 03, HREL, 09600, 259N,  892W,  69,  977, XX,  34, NEQ, 0195, 0239, 0089, 0151,    0,    0,  28
AL, 09, 2021082500, 03, HREL, 09600, 259N,  892W,  69,  977, XX,  50, NEQ, 0090, 0062, 0047, 0071,    0,    0,  28
AL, 09, 2021082500, 03, HREL, 09600, 259N,  892W,  69,  977, XX,  64, NEQ, 0032, 0027, 0000, 0000,    0,    0,  28
AL, 09, 2021082500, 03, HREL, 10200, 268N,  904W,  76,  974, XX,  34, NEQ, 0000, 0000, 0000, 0000,    0,    0,  21
